8129 9267
3543 9265
4311 4559
5680 7250
1219 4344
1649 5760
8203 9386
1158 4706
4315 9239
2013 8466
620 6468
2542 2851
6040 9549
1848 8358
1194 4106
2838 9261
8151 8280
8364 8579
7420 8108
6344 7405
6623 9274
1821 2937
7069 8391
5793 8647
5997 7702
4364 8163
6700 7418
889 5939
1852 2802
9934 9987
6948 7507
5070 5319
5503 9431
3912 4144
3827 9427
7912 7945
4598 5893
7978 8530
9062 9200
5753 8938
4279 6069
4378 6084
7022 7557
2773 9033
705 9778
973 4045
8181 9922
9103 9369
9474 9759
9308 9426
5972 7511
6453 8961
3303 7120
2235 8598
903 7358
6478 7400
4456 8282
8863 9505
5176 6312
9405 9748
7045 9225
9884 9953
2770 4524
1611 8015
4703 9044
8246 9694
4489 7714
1243 9085
1831 5389
2858 9459
4168 9241
4267 9559
2893 4385
2803 8054
7468 9746
3948 6307
8935 9275
2440 6926
5521 9170
6650 9643
1319 6948
3601 4607
2297 5123
9949 9960
1023 3547
3213 6707
8493 9459
2869 6786
3311 9012
9453 9666
582 3274
7993 8117
9935 9980
3924 8659
833 1022
4733 6276
1821 9993
4310 6511
9527 9933
4596 8837
3417 3800
4796 4904
1638 8409
9646 9724
9687 9699
2078 7170
5202 8906
6137 8960
6854 9210
3294 9999
6985 7259
6190 6920
2711 7479
9274 9943
1109 9561
5491 8015
8029 9162
2786 5996
4301 5231
4614 6379
7881 9084
608 5794
3114 8637
4570 7708
9507 9668
4005 5412
8594 8970
1648 4447
7045 7097
6245 9129
7494 8926
9030 9430
4724 6612
1539 9039
4245 4629
5716 7038
5548 6770
1560 6869
5770 6066
4979 9760
6696 7484
1767 9311
5529 6663
2945 7197
7039 8441
7078 7589
3628 9016
6405 8419
4273 9944
3727 4035
6800 9227
3346 6277
2116 5047
7359 7613
3738 5862
9513 9961
4024 4726
8426 8755
7397 8790
4829 9908
3262 4532
8967 9485
4364 9277
5240 9232
9667 9946
3505 8498
1112 3461
5164 7587
4459 8158
3816 4261
3914 8377
4980 5559
958 7869
3842 9120
7478 8701
9142 9859
3280 9957
7628 8942
9831 9919
2631 9417
889 9511
2314 5454
5688 5780
7930 9312
9054 9523
4693 8736
1424 2929
7257 9022
5781 9130
3440 4793
2471 4221
350 3838
7040 8314
9745 9991
3548 6157
2719 7878
1213 8281
2787 8654
5213 6316
3398 7214
8813 9746
3586 7203
4114 7429
5321 6455
8291 9680
9505 9689
7692 9513
2863 3628
4182 4555
1602 3192
1333 5052
8516 8940
5704 8817
5796 8839
8370 8932
7887 9448
3635 4816
3769 4388
2313 3682
346 6780
4201 6050
4067 6209
6055 6543
2976 8162
9535 9933
7965 9119
1600 5449
9763 9914
4134 8328
924 7435
7455 7782
6036 6449
6633 7477
1541 5977
1598 4794
2251 8548
1736 5882
394 8966
9598 9705
4378 7105
649 5335
2703 9787
1527 8143
2256 7502
727 8779
867 2668
4692 6820
5622 7925
3058 4810
6620 6825
9048 9610
6805 7839
7890 8886
1276 2762
6919 7352
2971 3889
700 1580
2519 7388
841 7334
589 7132
656 1050
9749 9911
8357 9762
6670 8834
8884 9237
2421 8603
4862 7141
1417 7352
2774 6543
6590 7457
1049 9224
9963 9994
1584 8633
6677 8069
9959 9992
344 353
8720 9837
5961 9836
8165 8574
4842 6627
8623 9898
7682 9147
2838 9294
2587 6401
4494 5793
8007 8702
5088 6183
9994 9998
9505 9998
1800 5303
3935 6925
77 7367
4938 8532
6082 7644
1370 8574
2854 8153
888 8238
6180 7374
2337 9118
2040 6222
4294 6774
5075 7716
7070 7948
8757 8938
1738 6572
6037 9808
9050 9867
1030 6596
4853 6948
9792 9804
738 7702
8918 9124
5884 8820
4406 5720
214 5369
1401 7708
9194 9742
241 8903
7895 7913
2837 8860
5904 7408
8007 9275
7689 9893
7995 8777
8852 8877
1466 9461
3135 7429
3918 4150
1831 7384
9941 9977
1120 2400
2904 6795
4167 8468
2928 9822
4844 6307
8044 8856
7340 8715
4755 7852
7791 9669
272 932
6886 9780
2582 4739
4824 9733
1741 8327
7527 9913
1403 1522
9373 9850
1663 1960
6505 9527
1952 3287
3058 7191
4798 9863
8750 9029
8129 8220
8652 9653
9533 9773
9194 9812
8261 8349
7669 7673
3375 8537
8034 9624
6545 7678
8138 9993
945 8850
5501 7749
8693 8851
5596 6772
1660 8700
5745 5868
7236 7306
892 2867
6285 9273
7937 8161
6806 7441
4545 6212
7152 8418
7661 7868
6336 8580
8255 8888
9496 9610
2880 7513
8665 9955
8030 9384
9171 9734
2816 6993
4522 7723
2229 8810
144 8902
5350 7451
2123 4976
9832 9895
5176 8769
5674 7914
5994 6570
1494 2411
386 6726
28 8769
5552 7229
5726 6550
8183 9999
3832 7768
8600 9223
3509 6951
8930 9570
8395 9190
7807 7944
9381 9602
2070 7898
844 2165
1685 5170
6255 8159
9415 9732
3825 6902
691 9982
6040 8594
795 5494
7928 9748
8636 9661
7192 9461
2997 4638
7672 9497
163 9314
137 248
8458 9112
2998 4600
6021 6024
4916 9992
1886 7965
6753 8272
4642 6136
7800 8397
5367 9105
7533 8106
9866 9904
4270 6599
6661 8881
3664 3891
5345 6152
1759 9240
7484 9936
6647 6936
6712 9855
1643 2343
6654 9797
3876 6272
3890 4103
9434 9593
105 2294
5962 6596
8041 9704
9183 9415
4876 6323
7876 8345
9350 9753
4021 9985
7093 8664
3040 7301
8582 9305
5104 5134
2132 4281
5586 8192
3357 5679
7982 8492
8337 9319
9782 9889
526 6939
3782 7849
8162 8500
5621 7103
3994 9744
7047 7258
9365 9986
7594 8569
3824 9243
5884 9601
8028 9496
8328 9252
2840 8643
1197 5120
6604 7729
256 1196
6294 8533
5234 8609
4749 6311
4669 5422
3200 6719
2532 8767
856 9080
3213 8583
9173 9740
6986 9795
6917 7657
8584 9960
4326 9882
3635 9915
7109 8594
761 2074
631 9495
6912 8078
3201 9132
6825 8928
5998 9250
1667 7676
5832 8384
7884 9048
3974 4397
2204 7670
9238 9507
3349 6271
3270 3722
843 9050
7225 9275
2836 3657
7597 9931
5937 7293
7679 8945
9900 9991
8468 9926
3233 4395
6444 8584
5655 5848
8689 8802
4011 4136
7700 8784
1488 8838
694 4006
4050 7802
285 2697
8476 9058
6632 8655
1382 8891
9877 9929
689 6873
2847 3862
5347 8268
1390 1930
2411 5518
1562 4858
4356 5936
6485 9879
229 1142
877 2451
7800 8733
7515 7847
1745 8898
7039 9182
1159 5516
7111 9418
7964 9090
5769 9718
1950 7287
4311 5673
3587 4100
3486 4617
1485 8454
137 2033
9851 9965
8695 9814
4877 9290
3925 4929
3059 4471
2451 4418
582 8253
2417 3905
2221 5597
8207 9760
8046 9304
1234 3281
1092 1190
2278 9708
7392 9538
6993 7867
6130 9337
1244 9063
4600 5683
3978 6413
8835 9526
8228 9829
8692 9300
665 4768
1532 4747
1434 9512
4091 8359
3912 5815
90 6093
4110 6243
1306 3214
7427 9435
9492 9853
8440 8821
190 3800
8102 8794
1549 6873
1144 4473
9676 9733
7504 9326
7030 8745
3487 4350
7956 9825
2653 3713
6291 8574
4581 5736
567 3196
1383 6005
678 7599
502 7180
4943 8041
6243 9344
7635 9592
3084 6884
5545 6059
1220 6498
5876 9808
6397 8451
4807 6419
4579 8461
4867 6923
5045 5465
7518 9863
1843 9065
8952 9814
1766 4300
2 8956
6738 8971
1745 5421
7649 8297
6759 7818
8918 8931
6277 9218
2816 6211
3418 9329
4884 9465
9257 9304
3717 5934
9058 9565
7673 9122
6959 9716
8256 8975
3797 5237
948 2149
7517 8924
5533 6303
168 6220
3261 6616
8819 9142
231 3486
2526 6117
520 5948
7746 8243
1259 1680
2498 6215
4813 7828
4720 7188
2768 3896
764 1269
408 1848
8662 9603
8906 9409
9445 9910
1625 7279
946 1327
499 7649
9673 9962
7956 8719
7957 8410
574 4627
849 9482
6262 9939
1157 8477
436 8005
9095 9759
6551 8106
5839 8204
2937 6875
3974 9861
9898 9964
9119 9698
7445 8500
4117 5640
2562 7593
965 8883
8878 9979
1224 6732
3733 5012
6871 9370
651 7065
4066 6548
73 4760
9008 9164
1539 5331
3921 7596
6955 9353
8183 9259
4534 5461
6150 9387
723 5277
6581 7172
1631 2876
3795 9233
2887 4759
2234 8733
2982 5296
7089 7470
2555 2893
2414 3650
8133 9766
1880 6752
2076 5062
5838 9362
8712 9692
56 8736
5454 8837
1738 9165
7144 8317
5151 5831
2548 3263
9919 9949
6387 9636
4934 8758
5808 5861
9386 9547
6384 7951
1731 8060
7679 8347
5069 5303
5908 8990
8528 8878
4464 5799
1148 9386
2148 6278
7990 8201
6386 7843
2928 8946
1267 2726
8065 9634
7912 8906
3718 9789
5068 6074
2755 5990
9368 9455
5488 5940
5650 7207
2987 8528
632 4235
8073 9460
3136 7549
179 5541
321 466
8645 8976
7319 8637
1365 9975
6863 7422
9526 9830
6882 7088
1028 1579
9158 9376
7876 9034
6882 6935
7624 9834
7700 8825
2997 8652
4461 8847
6708 8842
8984 9193
5425 8335
4765 6681
7885 9995
4575 9310
9909 9992
8745 9416
4056 9397
7450 8228
9060 9412
9145 9436
8197 8592
8731 9575
4031 7324
7071 8231
677 3794
8794 9767
8708 9851
9241 9912
1537 2647
6705 8037
1622 4539
2380 5038
9702 9999
3960 7064
6864 7468
1797 7860
9004 9670
8956 8986
6422 8995
6476 8623
8432 9235
9550 9978
5179 7483
6435 8849
8957 9267
4511 7701
4940 8215
8960 9558
3071 4389
3402 5530
8727 9264
7698 7888
2077 6733
7115 7146
9031 9513
1948 8251
1564 4486
3656 8587
6639 7882
9809 9996
3229 3391
8878 9029
7561 9277
2808 9509
7107 8456
3268 7043
4111 8705
6266 8004
3970 7039
7389 7604
9675 9756
9517 9726
7184 8034
4331 7565
3262 3990
8474 8880
1162 6952
1009 2658
1539 8210
2056 9242
2729 6051
3534 5313
2640 8115
5730 7725
5883 8046
2312 9559
8805 9796
3146 3361
4999 9989
8867 9864
4319 9068
1101 6432
7394 8917
6905 7916
2277 5336
6632 6937
6987 7543
4548 8282
6316 8480
2586 3963
6099 8333
7755 8648
6724 8271
9948 9991
1080 1887
6334 7253
2505 4866
3582 5220
5895 7115
1533 2563
2150 3200
5879 7542
8329 8499
1465 4148
9760 9918
3193 7154
5298 9461
3465 4261
4551 5512
95 6248
2225 4860
3732 3843
213 9570
7330 8768
504 2802
629 9413
7026 9935
845 3454
9638 9674
6349 7513
6359 7967
1606 2206
3192 3453
29 9238
4834 5326
9723 9837
2902 3179
4491 8196
7120 8794
5573 8095
7034 7440
9331 9699
9060 9069
5764 7997
2484 3765
797 7646
4357 4987
3201 9148
177 5053
1641 3610
6055 7189
8420 8433
1169 3119
4774 6083
1083 9320
4966 8058
2898 3397
8527 9026
823 7008
9710 9895
5458 6298
1203 8316
1965 6452
3713 5789
336 5713
3502 6711
3067 7892
8050 8715
7536 7605
5227 9684
5872 6053
9437 9574
841 9155
9783 9929
4957 7336
4025 8822
2702 8550
6579 7916
2334 3361
3158 4675
8347 9770
1764 5676
1285 8353
2000 9205
5340 9941
141 8063
123 2077
9036 9435
244 1541
5329 6560
1014 4201
8317 9991
7284 9593
4733 8641
4241 9490
8638 9182
901 1253
3999 7141
2918 3044
3708 8489
2281 9968
2171 4923
6129 9015
9717 9868
2728 7081
627 1283
7102 9215
3808 6872
6541 8712
6705 9613
2781 6283
9719 9992
8447 9247
2218 7424
2419 4112
5972 7399
6125 8323
3453 7001
2053 7405
1328 2098
918 1691
1225 3451
7248 9054
5107 6048
6275 7223
7272 9816
3505 8782
5440 5676
7059 7390
9667 9743
9935 9971
6880 9558
6485 6628
1016 7554
9853 9891
6020 8800
649 8748
1492 2205
1331 9800
740 9915
1112 7808
5716 7724
1353 6235
9272 9822
5164 7852
6943 8656
